3.000000000000000000e+00 5.000000000000000278e-02 1.000000000000000000e+02 4.221192160193327254e+02
3.000000000000000000e+00 5.000000000000000278e-02 2.000000000000000000e+02 4.220488633100957259e+02
3.000000000000000000e+00 5.000000000000000278e-02 3.000000000000000000e+02 4.712007681180631948e+02
3.000000000000000000e+00 5.000000000000000278e-02 4.000000000000000000e+02 5.776369642624771359e+02
3.000000000000000000e+00 6.333333333333333870e-02 1.000000000000000000e+02 4.229802376719472363e+02
3.000000000000000000e+00 6.333333333333333870e-02 2.000000000000000000e+02 4.229802376719472363e+02
3.000000000000000000e+00 6.333333333333333870e-02 3.000000000000000000e+02 4.857291401315422945e+02
3.000000000000000000e+00 6.333333333333333870e-02 4.000000000000000000e+02 5.907084382349796670e+02
3.000000000000000000e+00 7.666666666666666075e-02 1.000000000000000000e+02 4.237431859778027956e+02
3.000000000000000000e+00 7.666666666666666075e-02 2.000000000000000000e+02 4.238055977791057671e+02
3.000000000000000000e+00 7.666666666666666075e-02 3.000000000000000000e+02 5.807275555437458934e+02
3.000000000000000000e+00 7.666666666666666075e-02 4.000000000000000000e+02 5.807275555437458934e+02
3.000000000000000000e+00 8.999999999999999667e-02 1.000000000000000000e+02 4.245361036241837951e+02
3.000000000000000000e+00 8.999999999999999667e-02 2.000000000000000000e+02 4.130119811135300552e+02
3.000000000000000000e+00 8.999999999999999667e-02 3.000000000000000000e+02 5.818624409803144317e+02
3.000000000000000000e+00 8.999999999999999667e-02 4.000000000000000000e+02 5.818624409803144317e+02
4.000000000000000000e+00 5.000000000000000278e-02 1.000000000000000000e+02 5.550128733460063586e+02
4.000000000000000000e+00 5.000000000000000278e-02 2.000000000000000000e+02 6.504531466169462419e+02
4.000000000000000000e+00 5.000000000000000278e-02 3.000000000000000000e+02 6.274100411489714588e+02
4.000000000000000000e+00 5.000000000000000278e-02 4.000000000000000000e+02 7.929682929289069762e+02
4.000000000000000000e+00 6.333333333333333870e-02 1.000000000000000000e+02 5.338709834021220786e+02
4.000000000000000000e+00 6.333333333333333870e-02 2.000000000000000000e+02 5.461683313277530942e+02
4.000000000000000000e+00 6.333333333333333870e-02 3.000000000000000000e+02 6.315990636382011871e+02
4.000000000000000000e+00 6.333333333333333870e-02 4.000000000000000000e+02 7.612887699917359896e+02
4.000000000000000000e+00 7.666666666666666075e-02 1.000000000000000000e+02 4.999103705651593827e+02
4.000000000000000000e+00 7.666666666666666075e-02 2.000000000000000000e+02 5.247948877303807649e+02
4.000000000000000000e+00 7.666666666666666075e-02 3.000000000000000000e+02 7.189086911186916495e+02
4.000000000000000000e+00 7.666666666666666075e-02 4.000000000000000000e+02 7.291791467296663996e+02
4.000000000000000000e+00 8.999999999999999667e-02 1.000000000000000000e+02 4.898491557240056977e+02
4.000000000000000000e+00 8.999999999999999667e-02 2.000000000000000000e+02 5.146452631387342080e+02
4.000000000000000000e+00 8.999999999999999667e-02 3.000000000000000000e+02 6.495345928983464319e+02
4.000000000000000000e+00 8.999999999999999667e-02 4.000000000000000000e+02 7.081050711389532353e+02
5.000000000000000000e+00 5.000000000000000278e-02 1.000000000000000000e+02 6.523264459183133113e+02
5.000000000000000000e+00 5.000000000000000278e-02 2.000000000000000000e+02 7.970868844292544964e+02
5.000000000000000000e+00 5.000000000000000278e-02 3.000000000000000000e+02 7.737291823216731927e+02
5.000000000000000000e+00 5.000000000000000278e-02 4.000000000000000000e+02 9.755285579445344410e+02
5.000000000000000000e+00 6.333333333333333870e-02 1.000000000000000000e+02 6.328760272448720343e+02
5.000000000000000000e+00 6.333333333333333870e-02 2.000000000000000000e+02 8.110324207776269532e+02
5.000000000000000000e+00 6.333333333333333870e-02 3.000000000000000000e+02 8.849179158044328233e+02
5.000000000000000000e+00 6.333333333333333870e-02 4.000000000000000000e+02 9.788101717552759737e+02
5.000000000000000000e+00 7.666666666666666075e-02 1.000000000000000000e+02 6.349665893516353208e+02
5.000000000000000000e+00 7.666666666666666075e-02 2.000000000000000000e+02 7.988167792898854032e+02
5.000000000000000000e+00 7.666666666666666075e-02 3.000000000000000000e+02 9.194994693160475663e+02
5.000000000000000000e+00 7.666666666666666075e-02 4.000000000000000000e+02 9.586457774405461123e+02
5.000000000000000000e+00 8.999999999999999667e-02 1.000000000000000000e+02 6.152055836344858335e+02
5.000000000000000000e+00 8.999999999999999667e-02 2.000000000000000000e+02 7.781485381013042115e+02
5.000000000000000000e+00 8.999999999999999667e-02 3.000000000000000000e+02 6.774123923965892118e+02
5.000000000000000000e+00 8.999999999999999667e-02 4.000000000000000000e+02 9.038214855405001344e+02
6.000000000000000000e+00 5.000000000000000278e-02 1.000000000000000000e+02 8.707067946076268754e+02
6.000000000000000000e+00 5.000000000000000278e-02 2.000000000000000000e+02 1.179237144261962840e+03
6.000000000000000000e+00 5.000000000000000278e-02 3.000000000000000000e+02 1.179237144261962840e+03
6.000000000000000000e+00 5.000000000000000278e-02 4.000000000000000000e+02 nan
6.000000000000000000e+00 6.333333333333333870e-02 1.000000000000000000e+02 8.965444138327716246e+02
6.000000000000000000e+00 6.333333333333333870e-02 2.000000000000000000e+02 1.088940784268687366e+03
6.000000000000000000e+00 6.333333333333333870e-02 3.000000000000000000e+02 1.088940784268687366e+03
6.000000000000000000e+00 6.333333333333333870e-02 4.000000000000000000e+02 nan
6.000000000000000000e+00 7.666666666666666075e-02 1.000000000000000000e+02 8.640287679926575493e+02
6.000000000000000000e+00 7.666666666666666075e-02 2.000000000000000000e+02 1.174932934903261184e+03
6.000000000000000000e+00 7.666666666666666075e-02 3.000000000000000000e+02 1.065633796277467582e+03
6.000000000000000000e+00 7.666666666666666075e-02 4.000000000000000000e+02 nan
6.000000000000000000e+00 8.999999999999999667e-02 1.000000000000000000e+02 8.448263118885156473e+02
6.000000000000000000e+00 8.999999999999999667e-02 2.000000000000000000e+02 9.970872504214819401e+02
6.000000000000000000e+00 8.999999999999999667e-02 3.000000000000000000e+02 9.651846367395880861e+02
6.000000000000000000e+00 8.999999999999999667e-02 4.000000000000000000e+02 nan
7.000000000000000000e+00 5.000000000000000278e-02 1.000000000000000000e+02 1.025335016402525753e+03
7.000000000000000000e+00 5.000000000000000278e-02 2.000000000000000000e+02 1.336364132271524340e+03
7.000000000000000000e+00 5.000000000000000278e-02 3.000000000000000000e+02 1.324087143653746125e+03
7.000000000000000000e+00 5.000000000000000278e-02 4.000000000000000000e+02 nan
7.000000000000000000e+00 6.333333333333333870e-02 1.000000000000000000e+02 1.007087312111617962e+03
7.000000000000000000e+00 6.333333333333333870e-02 2.000000000000000000e+02 1.339974626446374032e+03
7.000000000000000000e+00 6.333333333333333870e-02 3.000000000000000000e+02 1.327446423008884040e+03
7.000000000000000000e+00 6.333333333333333870e-02 4.000000000000000000e+02 nan
7.000000000000000000e+00 7.666666666666666075e-02 1.000000000000000000e+02 1.084974712281519260e+03
7.000000000000000000e+00 7.666666666666666075e-02 2.000000000000000000e+02 1.262815200408204873e+03
7.000000000000000000e+00 7.666666666666666075e-02 3.000000000000000000e+02 1.190283224880937041e+03
7.000000000000000000e+00 7.666666666666666075e-02 4.000000000000000000e+02 nan
7.000000000000000000e+00 8.999999999999999667e-02 1.000000000000000000e+02 9.451623074145800274e+02
7.000000000000000000e+00 8.999999999999999667e-02 2.000000000000000000e+02 nan
7.000000000000000000e+00 8.999999999999999667e-02 3.000000000000000000e+02 1.360530022317563862e+03
7.000000000000000000e+00 8.999999999999999667e-02 4.000000000000000000e+02 nan
8.000000000000000000e+00 5.000000000000000278e-02 1.000000000000000000e+02 1.288049976680072632e+03
8.000000000000000000e+00 5.000000000000000278e-02 2.000000000000000000e+02 1.530715011841745536e+03
8.000000000000000000e+00 5.000000000000000278e-02 3.000000000000000000e+02 nan
8.000000000000000000e+00 5.000000000000000278e-02 4.000000000000000000e+02 1.509391242776698618e+03
8.000000000000000000e+00 6.333333333333333870e-02 1.000000000000000000e+02 1.391798374911216115e+03
8.000000000000000000e+00 6.333333333333333870e-02 2.000000000000000000e+02 1.555776649772167275e+03
8.000000000000000000e+00 6.333333333333333870e-02 3.000000000000000000e+02 1.555776649772167275e+03
8.000000000000000000e+00 6.333333333333333870e-02 4.000000000000000000e+02 1.492441885411945805e+03
8.000000000000000000e+00 7.666666666666666075e-02 1.000000000000000000e+02 1.003206336029340946e+03
8.000000000000000000e+00 7.666666666666666075e-02 2.000000000000000000e+02 1.681632868438637615e+03
8.000000000000000000e+00 7.666666666666666075e-02 3.000000000000000000e+02 1.681632868438637615e+03
8.000000000000000000e+00 7.666666666666666075e-02 4.000000000000000000e+02 1.485884508306999578e+03
8.000000000000000000e+00 8.999999999999999667e-02 1.000000000000000000e+02 1.485965944176783978e+03
8.000000000000000000e+00 8.999999999999999667e-02 2.000000000000000000e+02 1.444894635016540633e+03
8.000000000000000000e+00 8.999999999999999667e-02 3.000000000000000000e+02 1.444894635016540633e+03
8.000000000000000000e+00 8.999999999999999667e-02 4.000000000000000000e+02 1.467167003589223668e+03
9.000000000000000000e+00 5.000000000000000278e-02 1.000000000000000000e+02 1.264212777821808459e+03
9.000000000000000000e+00 5.000000000000000278e-02 2.000000000000000000e+02 1.387034988153830682e+03
9.000000000000000000e+00 5.000000000000000278e-02 3.000000000000000000e+02 1.517005709886092291e+03
9.000000000000000000e+00 5.000000000000000278e-02 4.000000000000000000e+02 1.347624430906946600e+03
9.000000000000000000e+00 6.333333333333333870e-02 1.000000000000000000e+02 1.482128125357098043e+03
9.000000000000000000e+00 6.333333333333333870e-02 2.000000000000000000e+02 1.694653142165513145e+03
9.000000000000000000e+00 6.333333333333333870e-02 3.000000000000000000e+02 nan
9.000000000000000000e+00 6.333333333333333870e-02 4.000000000000000000e+02 1.414030407120849759e+03
9.000000000000000000e+00 7.666666666666666075e-02 1.000000000000000000e+02 1.266662403734783084e+03
9.000000000000000000e+00 7.666666666666666075e-02 2.000000000000000000e+02 1.254102956989928316e+03
9.000000000000000000e+00 7.666666666666666075e-02 3.000000000000000000e+02 1.526368450066302557e+03
9.000000000000000000e+00 7.666666666666666075e-02 4.000000000000000000e+02 1.396471352639859106e+03
9.000000000000000000e+00 8.999999999999999667e-02 1.000000000000000000e+02 1.405060476925460534e+03
9.000000000000000000e+00 8.999999999999999667e-02 2.000000000000000000e+02 1.343186251807138433e+03
9.000000000000000000e+00 8.999999999999999667e-02 3.000000000000000000e+02 1.226443751832317957e+03
9.000000000000000000e+00 8.999999999999999667e-02 4.000000000000000000e+02 1.378216698274905866e+03
