3.000000000000000000e+00 1.000000000000000056e-01 0.000000000000000000e+00 1.454180352346658310e+03
3.000000000000000000e+00 1.000000000000000056e-01 5.000000000000000000e+01 1.137793904430954854e+03
3.000000000000000000e+00 1.000000000000000056e-01 1.000000000000000000e+02 1.681995728583911216e+02
3.000000000000000000e+00 1.000000000000000056e-01 1.500000000000000000e+02 1.394763082829549035e+02
3.000000000000000000e+00 1.000000000000000056e-01 2.000000000000000000e+02 1.209812593334999633e+02
3.000000000000000000e+00 1.000000000000000056e-01 2.500000000000000000e+02 1.209812593334999633e+02
4.000000000000000000e+00 1.000000000000000056e-01 0.000000000000000000e+00 2.157104326030850189e+03
4.000000000000000000e+00 1.000000000000000056e-01 5.000000000000000000e+01 5.426147227758797271e+02
4.000000000000000000e+00 1.000000000000000056e-01 1.000000000000000000e+02 2.250986898132221938e+02
4.000000000000000000e+00 1.000000000000000056e-01 1.500000000000000000e+02 1.789956630260618908e+02
4.000000000000000000e+00 1.000000000000000056e-01 2.000000000000000000e+02 1.299300935838702173e+02
4.000000000000000000e+00 1.000000000000000056e-01 2.500000000000000000e+02 1.299300935838702173e+02
5.000000000000000000e+00 1.000000000000000056e-01 0.000000000000000000e+00 2.364263991802143209e+03
5.000000000000000000e+00 1.000000000000000056e-01 5.000000000000000000e+01 1.357679112553454843e+03
5.000000000000000000e+00 1.000000000000000056e-01 1.000000000000000000e+02 2.589339026862442097e+02
5.000000000000000000e+00 1.000000000000000056e-01 1.500000000000000000e+02 2.161318792261665180e+02
5.000000000000000000e+00 1.000000000000000056e-01 2.000000000000000000e+02 2.161318792261665180e+02
5.000000000000000000e+00 1.000000000000000056e-01 2.500000000000000000e+02 2.161318792261665180e+02
6.000000000000000000e+00 1.000000000000000056e-01 0.000000000000000000e+00 2.585516228331184266e+03
6.000000000000000000e+00 1.000000000000000056e-01 5.000000000000000000e+01 1.166981016367460825e+03
6.000000000000000000e+00 1.000000000000000056e-01 1.000000000000000000e+02 2.851565857186367339e+02
6.000000000000000000e+00 1.000000000000000056e-01 1.500000000000000000e+02 2.395656686991228241e+02
6.000000000000000000e+00 1.000000000000000056e-01 2.000000000000000000e+02 2.395656686991228241e+02
6.000000000000000000e+00 1.000000000000000056e-01 2.500000000000000000e+02 2.395656686991228241e+02
7.000000000000000000e+00 1.000000000000000056e-01 0.000000000000000000e+00 3.302448792335766029e+03
7.000000000000000000e+00 1.000000000000000056e-01 5.000000000000000000e+01 4.537443819596633716e+02
7.000000000000000000e+00 1.000000000000000056e-01 1.000000000000000000e+02 2.555513574811836577e+02
7.000000000000000000e+00 1.000000000000000056e-01 1.500000000000000000e+02 3.295039160766120290e+02
7.000000000000000000e+00 1.000000000000000056e-01 2.000000000000000000e+02 3.295039160766120290e+02
7.000000000000000000e+00 1.000000000000000056e-01 2.500000000000000000e+02 3.295039160766120290e+02
8.000000000000000000e+00 1.000000000000000056e-01 0.000000000000000000e+00 4.019575730568887138e+03
8.000000000000000000e+00 1.000000000000000056e-01 5.000000000000000000e+01 5.199904817990757238e+02
8.000000000000000000e+00 1.000000000000000056e-01 1.000000000000000000e+02 4.072187555546902900e+02
8.000000000000000000e+00 1.000000000000000056e-01 1.500000000000000000e+02 3.639143329057062601e+02
8.000000000000000000e+00 1.000000000000000056e-01 2.000000000000000000e+02 3.848195628954919698e+02
8.000000000000000000e+00 1.000000000000000056e-01 2.500000000000000000e+02 3.848195628954919698e+02
9.000000000000000000e+00 1.000000000000000056e-01 0.000000000000000000e+00 4.736965743165907952e+03
9.000000000000000000e+00 1.000000000000000056e-01 5.000000000000000000e+01 5.048892846236965397e+02
9.000000000000000000e+00 1.000000000000000056e-01 1.000000000000000000e+02 3.113265820235868659e+02
9.000000000000000000e+00 1.000000000000000056e-01 1.500000000000000000e+02 3.986507472117375528e+02
9.000000000000000000e+00 1.000000000000000056e-01 2.000000000000000000e+02 3.384018661214881831e+02
9.000000000000000000e+00 1.000000000000000056e-01 2.500000000000000000e+02 3.384018661214881831e+02
